### Table 1: p=10, z=1.0
| Run | Start x | Start y | Final x | Final y | Min f(x,y) |
|-----|---------|---------|---------|---------|------------|
| 1 | 142.7730 | -486.3890 | 106.7774 | -512.0000 | -476.3129 |
| 2 | 326.0691 | 116.2990 | 343.0409 | 141.2032 | -342.4178 |
| 3 | -322.7841 | -368.0134 | -327.8153 | -371.8621 | -367.6928 |
| 4 | 63.8832 | 479.0131 | 100.2654 | 455.8429 | -456.0569 |
| 5 | 263.3613 | -334.9719 | 289.2961 | -355.3448 | -351.0171 |
| 6 | 466.3764 | 16.9003 | 452.3032 | 32.4726 | -451.2251 |
| 7 | 155.9024 | -311.1943 | 183.1600 | -307.8081 | -304.5489 |
| 8 | -288.3722 | 146.7783 | -291.1540 | 129.8288 | -289.1933 |
| 9 | 481.6493 | -77.9958 | 457.7552 | -101.2670 | -456.5038 |
| 10 | -426.7105 | 385.7975 | -497.0617 | 403.9651 | -494.0380 |
| 11 | 405.0806 | 107.0145 | 466.6666 | 166.5277 | -465.8633 |
| 12 | -393.9347 | 162.1322 | -403.9998 | 154.0606 | -402.5355 |
| 13 | 70.9695 | -28.7605 | 82.8474 | -42.6389 | -81.9191 |
| 14 | 37.6087 | -374.3689 | 92.9276 | -394.1700 | -392.3325 |
| 15 | 231.6274 | 41.7454 | 224.9303 | 22.7867 | -224.1885 |
| 16 | 260.6219 | -443.3162 | 217.4071 | -420.5893 | -417.7161 |
| 17 | -70.4924 | -220.4051 | -106.4568 | -196.2386 | -194.4597 |
| 18 | 58.1144 | -66.6542 | 61.8645 | -62.8572 | -61.8093 |
| 19 | 280.1189 | 270.4970 | 275.7528 | 274.7360 | -275.3681 |
| 20 | 28.6254 | 40.8941 | 30.2382 | 37.6397 | -36.9813 |
| 21 | -279.1293 | 324.5470 | -297.1297 | 315.0530 | -313.6165 |
| 22 | -119.6393 | 205.2364 | -118.4514 | 240.4736 | -239.9548 |
| 23 | -219.3024 | -438.9521 | -279.6245 | -438.3162 | -436.3377 |
| 24 | 258.7224 | -419.3630 | 217.1323 | -420.4472 | -417.7129 |
| 25 | 16.6561 | -211.6249 | -21.5127 | -181.5109 | -179.7476 |
| 26 | -290.2936 | -436.3126 | -279.6185 | -438.1166 | -436.3517 |
| 27 | -427.0138 | -186.0123 | -417.2868 | -218.2206 | -416.5154 |
| 28 | -503.6129 | -43.1251 | -512.0000 | -104.9281 | -468.1357 |
| 29 | -411.7844 | 413.5582 | -412.3347 | 415.5178 | -415.2257 |
| 30 | -405.8253 | 317.6938 | -389.5994 | 344.1956 | -383.0203 |
| 31 | 208.0471 | 139.4227 | 239.4520 | 117.1973 | -238.8432 |
| 32 | 397.2875 | 187.3428 | 342.9163 | 141.6701 | -342.4516 |
| 33 | -285.2379 | 248.7348 | -327.3999 | 234.6984 | -325.0478 |
| 34 | 182.1346 | -268.9388 | 183.3487 | -307.5397 | -304.5042 |
| 35 | -495.4635 | 35.8800 | -512.0000 | 34.3823 | -499.4955 |
| 36 | -289.1708 | -131.3455 | -303.6422 | -183.9266 | -303.0512 |
| 37 | -218.9498 | -219.1384 | -219.3552 | -220.3307 | -170.4071 |
| 38 | -211.9395 | 69.2522 | -197.6946 | 105.3803 | -195.7282 |
| 39 | 509.6006 | 135.7776 | 490.4398 | 147.1314 | -146.6173 |
| 40 | -98.7551 | -6.1246 | -107.1179 | 15.2223 | -106.0281 |
| 41 | 75.9719 | 121.2418 | 65.5990 | 138.2960 | -100.1151 |
| 42 | 438.0395 | 262.0968 | 498.8680 | 295.1937 | -497.1964 |
| 43 | -284.6541 | -145.8130 | -303.9074 | -184.4112 | -303.0655 |
| 44 | 472.2532 | -439.6267 | 478.6119 | -435.5845 | -472.9495 |
| 45 | 360.4744 | 309.1066 | 342.9938 | 326.0166 | -335.6084 |
| 46 | -407.5810 | -366.9884 | -403.7154 | -379.7881 | -401.5834 |
| 47 | -322.9868 | 27.5030 | -274.9299 | 25.0825 | -273.7478 |
| 48 | -467.4140 | -86.0288 | -511.9848 | -99.9095 | -462.2233 |
| 49 | -115.3279 | -344.0890 | -155.1571 | -403.3661 | -401.7032 |
| 50 | 382.9834 | -148.2809 | 334.5905 | -86.9469 | -333.1753 |

### Table 2: p=10, z=5.0
| Run | Start x | Start y | Final x | Final y | Min f(x,y) |
|-----|---------|---------|---------|---------|------------|
| 1 | -430.9393 | -449.1212 | -432.5422 | -445.5257 | -441.8544 |
| 2 | -375.2112 | 8.4988 | -388.2459 | 30.0756 | -387.2303 |
| 3 | 160.0797 | -501.9830 | 105.7946 | -512.0000 | -476.9629 |
| 4 | -277.5280 | 452.6756 | -302.1513 | 503.7537 | -501.8745 |
| 5 | -224.6349 | 172.6804 | -233.2916 | 190.7093 | -231.8602 |
| 6 | 301.8931 | -277.2973 | 310.3031 | -266.7200 | -302.7287 |
| 7 | 351.5718 | -469.3330 | 341.7183 | -466.8106 | -463.2756 |
| 8 | -74.0497 | -417.1195 | -29.9942 | -387.6427 | -386.3927 |
| 9 | -82.0333 | 222.3978 | -119.3424 | 240.5811 | -239.5550 |
| 10 | -68.8550 | 396.8723 | -32.9694 | 450.6285 | -451.1691 |
| 11 | 259.4042 | 67.1844 | 240.6017 | 118.8932 | -238.4779 |
| 12 | -4.1119 | -129.3864 | -15.7569 | -106.8979 | -105.5434 |
| 13 | -226.3751 | -55.3822 | -277.6307 | -77.9506 | -277.5056 |
| 14 | 469.8558 | -263.6640 | 485.5281 | -236.0259 | -481.2796 |
| 15 | 255.7951 | -468.4648 | 216.5869 | -419.7964 | -417.5415 |
| 16 | -420.9312 | 166.0398 | -402.2313 | 153.7417 | -401.9630 |
| 17 | -332.0704 | -1.2718 | -315.5810 | 30.7694 | -56.0362 |
| 18 | 310.7904 | 355.5411 | 338.4051 | 350.3554 | -348.8702 |
| 19 | -336.8480 | -475.1287 | -344.1416 | -462.0054 | -345.0806 |
| 20 | 310.4748 | -428.3175 | 341.0672 | -464.3136 | -462.5040 |
| 21 | -452.2091 | -27.8539 | -512.0000 | 35.5662 | -499.0980 |
| 22 | -327.6543 | -159.2485 | -304.1107 | -185.2565 | -302.9452 |
| 23 | -321.4357 | -442.6359 | -280.1464 | -437.5234 | -435.8732 |
| 24 | -260.6610 | 484.8877 | -273.6271 | 479.9130 | -271.1753 |
| 25 | -370.5579 | -330.3275 | -388.5080 | -355.7466 | -361.5773 |
| 26 | 214.0248 | 344.4847 | 200.5702 | 356.6193 | -357.1158 |
| 27 | -201.6520 | 156.6787 | -236.1945 | 192.3631 | -232.6374 |
| 28 | 357.4587 | -34.3099 | 335.7195 | -86.8605 | -332.9300 |
| 29 | 259.2785 | 437.0648 | 233.1036 | 478.9754 | -479.9712 |
| 30 | 383.3202 | -287.0003 | 405.2571 | -314.6664 | -403.5423 |
| 31 | -280.7777 | -369.4213 | -315.5267 | -363.9454 | -346.0316 |
| 32 | -223.6280 | -444.1723 | -278.6759 | -438.9870 | -435.2963 |
| 33 | -482.4622 | -280.8471 | -453.9552 | -328.8052 | -443.4420 |
| 34 | -87.8508 | -244.7651 | -131.8549 | -291.5560 | -287.3323 |
| 35 | 488.2234 | 251.6173 | 501.0080 | 301.3299 | -500.2528 |
| 36 | -98.4272 | -259.8133 | -118.2469 | -281.1103 | -255.9482 |
| 37 | 57.5020 | -466.6655 | 104.4146 | -512.0000 | -476.8499 |
| 38 | 10.8386 | -107.8734 | -16.5029 | -105.7047 | -104.6446 |
| 39 | -38.2425 | 69.4679 | -15.2005 | 78.1205 | -75.7333 |
| 40 | 474.8186 | -174.6726 | 484.2491 | -235.9865 | -481.6646 |
| 41 | -121.1363 | -315.2844 | -130.9446 | -290.3181 | -288.1544 |
| 42 | -229.8535 | -406.4285 | -279.5895 | -438.4850 | -436.2796 |
| 43 | -379.4782 | 309.1794 | -377.1692 | 336.9682 | -376.5095 |
| 44 | -292.4956 | 87.1564 | -291.4681 | 127.9026 | -287.5277 |
| 45 | -396.4407 | -377.7325 | -406.5273 | -384.1186 | -405.5543 |
| 46 | -266.5013 | -0.4468 | -275.1719 | 25.4603 | -273.6971 |
| 47 | -270.6408 | -482.7127 | -280.8778 | -438.2180 | -436.0897 |
| 48 | 156.4110 | 428.8344 | 99.3888 | 455.5032 | -455.8517 |
| 49 | 128.0775 | -266.1036 | 78.9178 | -281.1551 | -278.8169 |
| 50 | 273.1603 | 230.5625 | 276.3783 | 216.3747 | -273.6282 |

### Table 3: p=50, z=1.0
| Run | Start x | Start y | Final x | Final y | Min f(x,y) |
|-----|---------|---------|---------|---------|------------|
| 1 | -406.3910 | -363.5006 | -505.0346 | -504.5706 | -504.7772 |
| 2 | -95.5250 | 293.6854 | -142.8916 | 344.1513 | -343.3914 |
| 3 | 424.6575 | -165.5343 | 483.6997 | -235.4471 | -481.7670 |
| 4 | -507.4477 | -67.0318 | -512.0000 | -105.0924 | -468.1433 |
| 5 | 104.8322 | 326.2783 | 85.7261 | 332.3709 | -332.6641 |
| 6 | 81.2896 | -501.2708 | 105.2162 | -512.0000 | -477.0609 |
| 7 | 313.5320 | 472.6422 | 350.8289 | 512.0000 | -480.2620 |
| 8 | 326.6209 | -238.3509 | 308.5139 | -265.5830 | -302.8754 |
| 9 | -416.2041 | 198.0517 | -404.1810 | 154.2072 | -402.5354 |
| 10 | -93.1521 | 480.2079 | -33.3716 | 451.5010 | -451.3758 |
| 11 | 91.4113 | -340.7480 | 93.0036 | -394.6159 | -392.3820 |
| 12 | -500.0115 | 134.4200 | -512.0000 | 172.7639 | -437.2349 |
| 13 | -333.6930 | 59.7082 | -388.4017 | 30.0691 | -387.2304 |
| 14 | 233.6499 | -232.3599 | 308.5268 | -265.6126 | -302.8751 |
| 15 | -224.5117 | 319.3694 | -214.7826 | 279.0663 | -276.2807 |
| 16 | -208.0237 | 365.3714 | -257.8967 | 380.8453 | -379.0307 |
| 17 | 457.2832 | 28.5896 | 452.1769 | 32.3899 | -451.2296 |
| 18 | -486.4636 | 349.7842 | -498.3521 | 404.7490 | -494.1614 |
| 19 | 157.4102 | 19.9740 | 141.0656 | 17.7170 | -140.2850 |
| 20 | -385.7730 | 330.0923 | -389.7932 | 344.3992 | -383.0313 |
| 21 | 206.4949 | 222.9815 | 267.0490 | 266.2596 | -267.1998 |
| 22 | -469.8674 | 294.3535 | -440.3883 | 278.6410 | -437.9893 |
| 23 | -303.2657 | -281.2184 | -334.8373 | -335.0866 | -334.3955 |
| 24 | 180.5102 | -142.8137 | 176.1015 | -134.1721 | -172.5199 |
| 25 | 103.7722 | 389.3054 | 85.6472 | 332.4364 | -332.6684 |
| 26 | 329.6198 | -334.9129 | 402.9044 | -431.7774 | -422.1106 |
| 27 | 58.2102 | 266.4546 | 71.0598 | 228.8895 | -229.0099 |
| 28 | 25.4264 | -106.4948 | 49.2690 | -114.2758 | -111.5013 |
| 29 | -441.0785 | 86.7798 | -388.2760 | 30.0101 | -387.2325 |
| 30 | 341.3271 | 400.0059 | 316.2499 | 402.6235 | -402.2735 |
| 31 | -343.2890 | 294.6936 | -389.7011 | 344.3299 | -383.0305 |
| 32 | 198.2134 | -456.6624 | 217.4129 | -420.8957 | -417.7196 |
| 33 | 141.3956 | 62.0666 | 155.7285 | 93.3254 | -155.0216 |
| 34 | 176.6041 | -416.8881 | 217.2790 | -420.6178 | -417.7244 |
| 35 | -397.4790 | -119.5984 | -392.6368 | -94.0268 | -391.8956 |
| 36 | 92.7444 | 339.2641 | 85.6232 | 332.5179 | -332.6674 |
| 37 | -82.7608 | -118.8116 | -82.7029 | -122.5108 | -120.5917 |
| 38 | 467.4129 | 437.4606 | 512.0000 | 491.1794 | -510.5849 |
| 39 | 378.6982 | 322.7065 | 435.1262 | 374.9379 | -432.7748 |
| 40 | 416.9800 | 14.2508 | 452.1446 | 32.6202 | -451.2241 |
| 41 | 423.9146 | -157.3542 | 457.7263 | -101.3257 | -456.5070 |
| 42 | 251.8170 | 365.7633 | 200.3247 | 357.1374 | -357.3172 |
| 43 | 166.8754 | 219.4809 | 166.2258 | 253.6207 | -253.7838 |
| 44 | 76.1063 | -410.8350 | 93.0088 | -394.6737 | -392.3828 |
| 45 | 277.0714 | 257.4704 | 275.3137 | 213.9795 | -273.9473 |
| 46 | -360.0770 | -408.0370 | -447.3300 | -456.9370 | -455.5676 |
| 47 | 451.3218 | 9.4294 | 452.2884 | 32.4810 | -451.2262 |
| 48 | 248.9537 | -60.5085 | 231.2791 | -71.9623 | -229.6466 |
| 49 | 81.5150 | 279.9723 | 85.5903 | 332.4691 | -332.6676 |
| 50 | -348.7919 | -116.1174 | -392.7333 | -93.9674 | -391.8965 |

### Table 4: p=50, z=5.0
| Run | Start x | Start y | Final x | Final y | Min f(x,y) |
|-----|---------|---------|---------|---------|------------|
| 1 | 488.0448 | 243.8918 | 501.4816 | 300.5383 | -500.4194 |
| 2 | -442.1829 | -121.8950 | -391.9357 | -93.2494 | -391.6535 |
| 3 | -15.4088 | 261.2709 | -23.8563 | 224.4443 | -224.3999 |
| 4 | -491.8678 | 44.7177 | -512.0000 | 34.3826 | -499.4955 |
| 5 | -495.6708 | 260.6903 | -441.1856 | 278.9081 | -437.9336 |
| 6 | 47.9927 | 468.8466 | 100.0605 | 456.3509 | -455.9511 |
| 7 | 410.6682 | -465.0069 | 420.5027 | -457.8681 | -422.3630 |
| 8 | -24.0022 | -125.2910 | -16.3829 | -107.9862 | -105.6825 |
| 9 | -407.8480 | -394.8225 | -487.2955 | -484.9221 | -487.0248 |
| 10 | 337.1149 | -340.7614 | 400.7374 | -428.5292 | -421.3590 |
| 11 | 63.9758 | -125.3349 | 49.3361 | -114.2198 | -111.4960 |
| 12 | 18.0167 | 74.3964 | 41.5519 | 80.1503 | -80.8448 |
| 13 | 235.2262 | -309.5108 | 290.2202 | -356.6855 | -351.0501 |
| 14 | 75.0530 | 321.3205 | 85.5106 | 332.4291 | -332.6641 |
| 15 | 130.7210 | -31.1835 | 147.9153 | -58.1245 | -145.7604 |
| 16 | -36.5709 | 1.5344 | -53.3825 | 10.2554 | -51.7680 |
| 17 | -142.9938 | 312.5597 | -142.5057 | 343.5998 | -343.3390 |
| 18 | 47.1858 | -451.3098 | 93.0529 | -394.8438 | -392.3778 |
| 19 | -361.4300 | -381.6569 | -348.0995 | -384.8014 | -379.7486 |
| 20 | 472.7582 | 88.5160 | 452.2751 | 32.6818 | -451.2160 |
| 21 | -199.3032 | -279.0563 | -237.0534 | -325.8946 | -322.8897 |
| 22 | 504.1940 | 143.8370 | 466.1896 | 166.4151 | -465.7889 |
| 23 | 391.1249 | -108.5609 | 457.6118 | -101.4517 | -456.5006 |
| 24 | 119.8887 | -438.4298 | 92.8047 | -394.9626 | -392.3416 |
| 25 | 111.5114 | 73.8793 | 131.7777 | 129.5997 | -131.5175 |
| 26 | 294.6151 | 41.8472 | 328.7420 | 27.5626 | -327.8490 |
| 27 | 507.8012 | -171.3356 | 457.8377 | -101.1383 | -456.4854 |
| 28 | -318.5438 | -116.4219 | -278.9004 | -80.5032 | -278.0327 |
| 29 | -166.7658 | 351.4669 | -143.2473 | 344.3201 | -343.3487 |
| 30 | 56.9637 | -251.9985 | 78.9085 | -282.2072 | -278.7653 |
| 31 | -35.0420 | 105.4700 | -19.0150 | 140.9794 | -140.5264 |
| 32 | 113.4096 | -353.5782 | 93.0359 | -394.5563 | -392.3797 |
| 33 | -6.1222 | -326.9306 | -31.2057 | -389.3381 | -387.0340 |
| 34 | -318.5174 | 256.3892 | -328.8928 | 235.5506 | -325.0670 |
| 35 | 435.4394 | 244.8735 | 466.4576 | 166.1823 | -465.8562 |
| 36 | 446.5430 | 372.8148 | 435.1335 | 374.7917 | -432.7599 |
| 37 | -416.3004 | -124.9171 | -392.4906 | -94.2802 | -391.8614 |
| 38 | -185.6265 | -425.1943 | -155.4825 | -402.9336 | -401.5274 |
| 39 | -255.4822 | 323.3031 | -257.9514 | 381.1083 | -379.0177 |
| 40 | -258.7989 | 50.3351 | -275.3132 | 25.2827 | -273.6960 |
| 41 | 205.0641 | -400.0864 | 217.3339 | -420.8728 | -417.7197 |
| 42 | 302.4681 | 108.6305 | 342.9520 | 142.5000 | -342.3365 |
| 43 | -216.3661 | 112.3198 | -197.5981 | 105.4917 | -195.7121 |
| 44 | -265.9843 | -122.9737 | -278.9735 | -77.9565 | -278.0311 |
| 45 | -85.0927 | -386.6588 | -30.6426 | -389.3817 | -386.9984 |
| 46 | -316.4427 | -300.6178 | -349.3779 | -350.3051 | -349.3101 |
| 47 | -86.3098 | -60.2628 | -95.3062 | -96.3927 | -95.3305 |
| 48 | -289.5936 | -244.2282 | -342.2359 | -343.4152 | -340.1432 |
| 49 | 379.4543 | -155.2006 | 360.3764 | -201.2453 | -358.6188 |
| 50 | -14.7269 | -487.2776 | -35.0932 | -512.0000 | -492.5680 |

